#T0(K),B(T),f(Hz),I_R(A),I_offset(A),R_heater(Ohm),S/T0(uV/K2),T+_X(V),T+_Y(V),T+_R(V),T+_phase(V),T-_X(V),T-_Y(V),T-_R(V),T-_phase(V),VS_X(V),VS_Y(V),VS_R(V),VS_phase(V),T+_DC_Q(V),T-_DC_Q(V),VS_DC_Q(V),T+_DC_0(V),T-_DC_0(V),VS_DC_0(V),Time_0(s),Time_Q(s)
1.799940000E+0,0.000000000E+0,5.000000000E-1,5.395409794E-5,0.000000000E+0,5.100000000E+3,7.967015157E-2,5.377538900E-9,1.320994585E-7,1.324833688E-7,8.771064653E+1,-4.484698643E-9,-1.005646283E-7,1.010253185E-7,-9.251697789E+1,7.966135540E-10,3.843199928E-8,3.874961926E-8,8.886350145E+1,3.753293313E-6,1.455812498E-5,1.090146787E-5,4.009710418E-6,1.449777885E-5,1.102178543E-5,2.140000000E+2,4.280000000E+2
1.900080000E+0,0.000000000E+0,5.000000000E-1,6.167788811E-5,0.000000000E+0,5.100000000E+3,7.968099750E-2,8.968063066E-9,1.744964321E-7,1.749607461E-7,8.704497742E+1,-5.943351761E-9,-1.289863473E-7,1.295218479E-7,-9.264927777E+1,9.657655270E-10,5.004894005E-8,5.025220159E-8,8.888311512E+1,3.576254354E-6,1.445755029E-5,1.073765744E-5,3.862658459E-6,1.434157564E-5,1.086640058E-5,6.420000000E+2,8.560000000E+2
2.000010000E+0,0.000000000E+0,5.000000000E-1,6.936563342E-5,0.000000000E+0,5.100000000E+3,7.889007936E-2,9.139100919E-9,2.155176023E-7,2.159415116E-7,8.755722252E+1,-7.505706965E-9,-1.635512724E-7,1.640056792E-7,-9.265731475E+1,1.282130952E-9,6.164386171E-8,6.180658919E-8,8.880375219E+1,3.478517500E-6,1.452663683E-5,1.069931098E-5,3.857350663E-6,1.431157494E-5,1.085604565E-5,1.070000000E+3,1.284000000E+3
2.100020000E+0,0.000000000E+0,5.000000000E-1,7.701745716E-5,0.000000000E+0,5.100000000E+3,7.846934930E-2,1.242525001E-8,2.644294472E-7,2.649239847E-7,8.731194221E+1,-1.012442799E-8,-2.000621693E-7,2.006066940E-7,-9.290471065E+1,1.525943674E-9,7.482347005E-8,7.499297349E-8,8.877818003E+1,3.469122131E-6,1.454478806E-5,1.069352553E-5,3.830605714E-6,1.425476847E-5,1.080869692E-5,1.498000000E+3,1.712000000E+3
2.200030000E+0,0.000000000E+0,5.000000000E-1,8.463348244E-5,0.000000000E+0,5.100000000E+3,7.855175220E-2,1.408123831E-8,3.142848523E-7,3.147356338E-7,8.743576464E+1,-1.346994056E-8,-2.391530164E-7,2.397068156E-7,-9.321203083E+1,1.203127410E-9,8.900651339E-8,8.911690042E-8,8.922074138E+1,3.313709902E-6,1.455469155E-5,1.062885849E-5,3.794135838E-6,1.425732187E-5,1.076892164E-5,1.926000000E+3,2.140000000E+3
2.300030000E+0,0.000000000E+0,5.000000000E-1,9.221383218E-5,0.000000000E+0,5.100000000E+3,7.702865206E-2,1.628810354E-8,3.679538585E-7,3.683999810E-7,8.746718095E+1,-1.566353397E-8,-2.834207391E-7,2.839745026E-7,-9.315834148E+1,2.553097532E-9,1.023734897E-7,1.025092562E-7,8.858172730E+1,3.234369905E-6,1.464009362E-5,1.059347710E-5,3.852714608E-6,1.425269923E-5,1.081659323E-5,2.354000000E+3,2.568000000E+3
2.400010000E+0,0.000000000E+0,5.000000000E-1,9.975862908E-5,0.000000000E+0,5.100000000E+3,7.758513021E-2,2.024599023E-8,4.276708390E-7,4.282431499E-7,8.729069864E+1,-1.862374881E-8,-3.272332271E-7,3.279340487E-7,-9.325585500E+1,2.942220188E-9,1.192320267E-7,1.193298069E-7,8.860388567E+1,3.049620977E-6,1.452285276E-5,1.045873848E-5,3.716163606E-6,1.415066989E-5,1.069017475E-5,2.782000000E+3,2.996000000E+3
2.500000000E+0,0.000000000E+0,5.000000000E-1,1.072679956E-4,0.000000000E+0,5.100000000E+3,7.757766505E-2,2.375993543E-8,4.870579178E-7,4.877279514E-7,8.720675740E+1,-2.150212282E-8,-3.759689692E-7,3.767123682E-7,-9.327453495E+1,4.103611598E-9,1.359387118E-7,1.360861848E-7,8.827983237E+1,3.018226196E-6,1.466122112E-5,1.050404773E-5,3.701099860E-6,1.409426019E-5,1.067085780E-5,3.210000000E+3,3.424000000E+3
2.600060000E+0,0.000000000E+0,5.000000000E-1,1.147420541E-4,0.000000000E+0,5.100000000E+3,7.731553131E-2,2.687026838E-8,5.525952632E-7,5.533272987E-7,8.721570165E+1,-2.487142625E-8,-4.254137099E-7,4.262373650E-7,-9.334372313E+1,4.290525325E-9,1.532597153E-7,1.533878717E-7,8.838733735E+1,2.852198374E-6,1.463173434E-5,1.038463881E-5,3.666967156E-6,1.402344072E-5,1.063283546E-5,3.638000000E+3,3.852000000E+3
2.700000000E+0,0.000000000E+0,5.000000000E-1,1.221809267E-4,0.000000000E+0,5.100000000E+3,7.746542218E-2,3.352587660E-8,6.190623917E-7,6.200427189E-7,8.689875299E+1,-2.935362918E-8,-4.784801280E-7,4.795024682E-7,-9.351139225E+1,5.669743214E-9,1.720635371E-7,1.722085617E-7,8.810553845E+1,2.837817947E-6,1.472950061E-5,1.041737750E-5,3.729302022E-6,1.407198136E-5,1.069429517E-5,4.066000000E+3,4.280000000E+3
2.800000000E+0,0.000000000E+0,5.000000000E-1,1.295847352E-4,0.000000000E+0,5.100000000E+3,7.781107677E-2,4.095423591E-8,6.888095355E-7,6.900790502E-7,8.659686883E+1,-3.224178364E-8,-5.367343711E-7,5.377763684E-7,-9.343366278E+1,7.398367518E-9,1.926985438E-7,1.928994729E-7,8.781055628E+1,2.783060337E-6,1.486451799E-5,1.042536804E-5,3.777578880E-6,1.409291524E-5,1.070535775E-5,4.494000000E+3,4.708000000E+3
2.900000000E+0,0.000000000E+0,5.000000000E-1,1.369536014E-4,0.000000000E+0,5.100000000E+3,7.736618983E-2,4.748436380E-8,7.620451639E-7,7.635813091E-7,8.643530292E+1,-3.900080804E-8,-5.932864599E-7,5.946467741E-7,-9.376105661E+1,9.000696010E-9,2.116756116E-7,2.119030444E-7,8.756456774E+1,2.682364717E-6,1.494936536E-5,1.038405648E-5,3.745291052E-6,1.403158036E-5,1.064405061E-5,4.922000000E+3,5.136000000E+3
3.000010000E+0,0.000000000E+0,5.000000000E-1,1.442876467E-4,0.000000000E+0,5.100000000E+3,7.788828948E-2,5.556707154E-8,8.381347369E-7,8.400187810E-7,8.620692990E+1,-4.580152281E-8,-6.526721170E-7,6.543354061E-7,-9.401337338E+1,1.044337685E-8,2.342377319E-7,2.344998368E-7,8.744622103E+1,2.605955022E-6,1.502935274E-5,1.037971618E-5,3.793991662E-6,1.401850496E-5,1.070401347E-5,5.350000000E+3,5.564000000E+3
3.100000000E+0,0.000000000E+0,5.000000000E-1,1.515869925E-4,0.000000000E+0,5.100000000E+3,7.777967008E-2,6.498053442E-8,9.170638372E-7,9.194054131E-7,8.594767950E+1,-5.324947425E-8,-7.182214374E-7,7.202458567E-7,-9.424129369E+1,1.324251079E-8,2.563580366E-7,2.567485355E-7,8.704520126E+1,2.626252353E-6,1.492744634E-5,1.038244139E-5,3.844058758E-6,1.408780439E-5,1.074408603E-5,5.778000000E+3,5.992000000E+3
3.199960000E+0,0.000000000E+0,5.000000000E-1,1.588517598E-4,0.000000000E+0,5.100000000E+3,7.822192601E-2,7.460205196E-8,1.004035844E-6,1.006848210E-6,8.575040873E+1,-6.093302921E-8,-7.788241818E-7,7.812786159E-7,-9.447248512E+1,1.479978561E-8,2.809929427E-7,2.814212588E-7,8.698323377E+1,3.894939174E-6,1.573208364E-5,1.209403668E-5,4.844899023E-6,1.395228942E-5,1.191642199E-5,6.206000000E+3,6.420000000E+3
3.300000000E+0,0.000000000E+0,5.000000000E-1,1.660820694E-4,0.000000000E+0,5.100000000E+3,7.832418258E-2,8.629354736E-8,1.086315488E-6,1.089791562E-6,8.545748670E+1,-6.915325319E-8,-8.487908460E-7,8.516652739E-7,-9.465818742E+1,1.721897297E-8,3.053032189E-7,3.058258946E-7,8.677186831E+1,3.446279488E-6,1.634282289E-5,1.138938783E-5,5.262845163E-6,1.520033382E-5,1.211208027E-5,6.634000000E+3,6.848000000E+3
3.400000000E+0,0.000000000E+0,5.000000000E-1,1.732780422E-4,0.000000000E+0,5.100000000E+3,7.829134734E-2,9.807220322E-8,1.174089055E-6,1.178214756E-6,8.522534954E+1,-8.109355466E-8,-9.215862517E-7,9.252040878E-7,-9.502919760E+1,2.053943271E-8,3.304380789E-7,3.311128169E-7,8.644432348E+1,2.845716931E-6,1.599402677E-5,1.084830526E-5,4.699902397E-6,1.483966907E-5,1.149493946E-5,7.062000000E+3,7.276000000E+3
3.500060000E+0,0.000000000E+0,5.000000000E-1,1.804397986E-4,0.000000000E+0,5.100000000E+3,7.837819771E-2,1.115219898E-7,1.264114993E-6,1.269062561E-6,8.495815088E+1,-9.406829317E-8,-9.961649289E-7,1.000651566E-6,-9.539555969E+1,2.356366688E-8,3.568204853E-7,3.576365188E-7,8.622062965E+1,2.474620859E-6,1.585771149E-5,1.059607580E-5,4.361335963E-6,1.441834899E-5,1.114521680E-5,7.490000000E+3,7.704000000E+3
3.600050000E+0,0.000000000E+0,5.000000000E-1,1.875674588E-4,0.000000000E+0,5.100000000E+3,7.869097805E-2,1.278440623E-7,1.360426134E-6,1.366456421E-6,8.463191533E+1,-1.048722757E-7,-1.070569599E-6,1.075735326E-6,-9.559401812E+1,2.695049940E-8,3.853739325E-7,3.863419188E-7,8.599937254E+1,2.211038686E-6,1.582189276E-5,1.043192035E-5,4.206298349E-6,1.428054083E-5,1.100888303E-5,7.918000000E+3,8.132000000E+3
3.700010000E+0,0.000000000E+0,5.000000000E-1,1.946611430E-4,0.000000000E+0,5.100000000E+3,7.869682269E-2,1.445978971E-7,1.456673172E-6,1.463857583E-6,8.433124410E+1,-1.198563464E-7,-1.150613889E-6,1.156866370E-6,-9.594658180E+1,3.174420640E-8,4.134050548E-7,4.146523281E-7,8.560832947E+1,2.044157642E-6,1.588882999E-5,1.033956386E-5,4.157781253E-6,1.420401461E-5,1.094682418E-5,8.346000000E+3,8.560000000E+3
3.800010000E+0,0.000000000E+0,5.000000000E-1,2.017209710E-4,0.000000000E+0,5.100000000E+3,7.902725186E-2,1.631180191E-7,1.558526833E-6,1.567065516E-6,8.402505129E+1,-1.354228217E-7,-1.229594715E-6,1.237069345E-6,-9.628588323E+1,3.600941873E-8,4.441258294E-7,4.456112608E-7,8.536414265E+1,1.816224847E-6,1.590806881E-5,1.022322426E-5,4.095413574E-6,1.415367341E-5,1.090563880E-5,8.774000000E+3,8.988000000E+3
3.900010000E+0,0.000000000E+0,5.000000000E-1,2.087470625E-4,0.000000000E+0,5.100000000E+3,7.923169643E-2,1.864188900E-7,1.663054884E-6,1.673496280E-6,8.360383874E+1,-1.518736290E-7,-1.310740081E-6,1.319544209E-6,-9.660974266E+1,4.275971567E-8,4.750510749E-7,4.769955085E-7,8.485683076E+1,1.612923231E-6,1.599550758E-5,1.012153655E-5,3.983672788E-6,1.404592133E-5,1.080306608E-5,9.202000000E+3,9.446000000E+3
4.100000000E+0,0.000000000E+0,5.000000000E-1,2.226985137E-4,0.000000000E+0,5.100000000E+3,7.976205671E-2,2.306025016E-7,1.879758139E-6,1.893870086E-6,8.300616718E+1,-1.922845291E-7,-1.482981936E-6,1.495426914E-6,-9.738763785E+1,5.448430525E-8,5.414337064E-7,5.441842441E-7,8.425347778E+1,1.274870036E-6,1.613577055E-5,9.991662771E-6,4.044110710E-6,1.402966685E-5,1.083994983E-5,9.660000000E+3,9.904000000E+3
4.300010000E+0,0.000000000E+0,5.000000000E-1,2.365164499E-4,0.000000000E+0,5.100000000E+3,8.018444347E-2,2.876650343E-7,2.104470303E-6,2.124065144E-6,8.221638669E+1,-2.353767870E-7,-1.663062546E-6,1.679667153E-6,-9.805582358E+1,6.832471205E-8,6.107806924E-7,6.146073464E-7,8.361718299E+1,8.953621376E-7,1.632929938E-5,9.810983006E-6,4.016709204E-6,1.393410907E-5,1.077974930E-5,1.011800000E+4,1.036200000E+4
4.500040000E+0,0.000000000E+0,5.000000000E-1,2.502018214E-4,0.000000000E+0,5.100000000E+3,8.069200855E-2,3.534902523E-7,2.340526020E-6,2.367088768E-6,8.141120836E+1,-2.869118380E-7,-1.851328536E-6,1.873457331E-6,-9.880925410E+1,8.602839352E-8,6.850194182E-7,6.904128572E-7,8.284187470E+1,5.213459851E-7,1.654258896E-5,9.661755949E-6,4.030053074E-6,1.390022805E-5,1.072244065E-5,1.057600000E+4,1.082000000E+4
4.699970000E+0,0.000000000E+0,5.000000000E-1,2.637555750E-4,0.000000000E+0,5.100000000E+3,8.109957121E-2,4.280521503E-7,2.587093929E-6,2.622288625E-6,8.060496764E+1,-3.493078332E-7,-2.048737888E-6,2.078322982E-6,-9.967601548E+1,1.047482757E-7,7.631538601E-7,7.703205901E-7,8.218480459E+1,1.643356550E-7,1.679871616E-5,9.561335031E-6,4.020236486E-6,1.385821825E-5,1.072493372E-5,1.103400000E+4,1.127800000E+4
4.900000000E+0,0.000000000E+0,5.000000000E-1,2.771786545E-4,0.000000000E+0,5.100000000E+3,8.148777098E-2,5.131418685E-7,2.840915090E-6,2.886900817E-6,7.976136948E+1,-4.195191306E-7,-2.253156908E-6,2.291900725E-6,-1.005472283E+2,1.284415714E-7,8.444247397E-7,8.541475654E-7,8.135145586E+1,-9.300501935E-8,1.722176600E-5,9.563445167E-6,4.055355522E-6,1.381407314E-5,1.075265403E-5,1.149200000E+4,1.173600000E+4
5.099990000E+0,0.000000000E+0,5.000000000E-1,2.904720002E-4,0.000000000E+0,5.100000000E+3,8.202727971E-2,6.103717718E-7,3.108011027E-6,3.167389780E-6,7.888924739E+1,-4.963360677E-7,-2.460124527E-6,2.509706732E-6,-1.014063965E+2,1.547446349E-7,9.314344138E-7,9.442102888E-7,8.056736819E+1,-5.015935800E-7,1.745887898E-5,9.388115876E-6,4.186584694E-6,1.383707326E-5,1.083855249E-5,1.195000000E+4,1.219400000E+4
5.299960000E+0,0.000000000E+0,5.000000000E-1,3.036365495E-4,0.000000000E+0,5.100000000E+3,8.245324883E-2,7.177949819E-7,3.378850085E-6,3.454254394E-6,7.800652820E+1,-5.854600104E-7,-2.679833030E-6,2.743049810E-6,-1.023236166E+2,1.847611380E-7,1.021469290E-6,1.038049871E-6,7.974720187E+1,-9.664221268E-7,1.772958057E-5,9.172030336E-6,4.103497339E-6,1.377648359E-5,1.072576600E-5,1.240800000E+4,1.265200000E+4
5.499970000E+0,0.000000000E+0,5.000000000E-1,3.166732363E-4,0.000000000E+0,5.100000000E+3,8.289600100E-2,8.388632139E-7,3.657711308E-6,3.752674064E-6,7.708309871E+1,-6.811451895E-7,-2.903475483E-6,2.982311731E-6,-1.032026021E+2,2.188782703E-7,1.115148486E-6,1.136431838E-6,7.889527893E+1,-1.428416037E-6,1.793745308E-5,8.978033707E-6,4.019158775E-6,1.356650107E-5,1.056313780E-5,1.286600000E+4,1.311000000E+4
5.699990000E+0,0.000000000E+0,5.000000000E-1,3.295829915E-4,0.000000000E+0,5.100000000E+3,8.348943199E-2,9.708364514E-7,3.946547612E-6,4.064206617E-6,7.617984896E+1,-7.912909116E-7,-3.130234010E-6,3.228707728E-6,-1.041866094E+2,2.564985711E-7,1.215180236E-6,1.241959969E-6,7.808093736E+1,-1.743952501E-6,1.841183148E-5,8.981984792E-6,4.204145753E-6,1.366885250E-5,1.072829638E-5,1.332400000E+4,1.356800000E+4
5.899940000E+0,0.000000000E+0,5.000000000E-1,3.423667424E-4,0.000000000E+0,5.100000000E+3,8.394471469E-2,1.118986067E-6,4.240668684E-6,4.385819977E-6,7.521827996E+1,-9.106355803E-7,-3.365561314E-6,3.486589952E-6,-1.051402206E+2,2.975570927E-7,1.317669286E-6,1.350853166E-6,7.727490660E+1,-2.141004405E-6,1.880419467E-5,8.838493032E-6,4.244973246E-6,1.367684487E-5,1.075884011E-5,1.378200000E+4,1.402600000E+4
6.100000000E+0,0.000000000E+0,5.000000000E-1,3.550254136E-4,0.000000000E+0,5.100000000E+3,8.443253143E-2,1.279839125E-6,4.542223292E-6,4.719088529E-6,7.426402289E+1,-1.040567734E-6,-3.605863486E-6,3.753011202E-6,-1.060969401E+2,3.442312452E-7,1.424425330E-6,1.465433031E-6,7.641415372E+1,-2.633925018E-6,1.915341004E-5,8.599824070E-6,4.273697946E-6,1.360055044E-5,1.069540366E-5,1.424000000E+4,1.448400000E+4
6.300000000E+0,0.000000000E+0,5.000000000E-1,3.675599260E-4,0.000000000E+0,5.100000000E+3,8.495446427E-2,1.454549853E-6,4.851301071E-6,5.064667835E-6,7.330985387E+1,-1.183688558E-6,-3.845683991E-6,4.023735786E-6,-1.071081916E+2,3.951990712E-7,1.535268184E-6,1.585321531E-6,7.556466626E+1,-3.086827621E-6,1.955955399E-5,8.468956438E-6,4.378011742E-6,1.362616888E-5,1.078603409E-5,1.469800000E+4,1.494200000E+4
6.499990000E+0,0.000000000E+0,5.000000000E-1,3.799711975E-4,0.000000000E+0,5.100000000E+3,8.547529039E-2,1.644998951E-6,5.163232760E-6,5.418950021E-6,7.232818886E+1,-1.334537185E-6,-4.093686156E-6,4.305731183E-6,-1.080559020E+2,4.519294656E-7,1.649852136E-6,1.710632250E-6,7.468120140E+1,-3.617135117E-6,1.998225913E-5,8.293718923E-6,4.452716528E-6,1.362264678E-5,1.080840855E-5,1.515600000E+4,1.540000000E+4
6.699930000E+0,0.000000000E+0,5.000000000E-1,3.922601428E-4,0.000000000E+0,5.100000000E+3,8.597126453E-2,1.847842038E-6,5.483436384E-6,5.786416189E-6,7.137689681E+1,-1.501801882E-6,-4.342127503E-6,4.594510852E-6,-1.090788509E+2,5.116967799E-7,1.768395921E-6,1.840942610E-6,7.386182201E+1,-4.095843031E-6,2.043346778E-5,8.121130983E-6,4.446388985E-6,1.357708403E-5,1.075750086E-5,1.561400000E+4,1.585800000E+4
6.900000000E+0,0.000000000E+0,5.000000000E-1,4.044276732E-4,0.000000000E+0,5.100000000E+3,8.643463799E-2,2.066061511E-6,5.806240654E-6,6.162877401E-6,7.041267846E+1,-1.676975564E-6,-4.595870318E-6,4.892271626E-6,-1.100464036E+2,5.764210774E-7,1.889762215E-6,1.975720736E-6,7.303704528E+1,-4.661324367E-6,2.078712846E-5,7.926575778E-6,4.538431646E-6,1.354692876E-5,1.079590318E-5,1.607200000E+4,1.631600000E+4
7.100070000E+0,0.000000000E+0,5.000000000E-1,4.164746969E-4,0.000000000E+0,5.100000000E+3,8.684978046E-2,2.301947843E-6,6.132202852E-6,6.550029736E-6,6.942452748E+1,-1.866210860E-6,-4.850336160E-6,5.196977547E-6,-1.110446884E+2,6.465898915E-7,2.013178669E-6,2.114468586E-6,7.219411374E+1,-5.216565185E-6,2.125309857E-5,7.686851121E-6,4.550103318E-6,1.346198430E-5,1.078054685E-5,1.653000000E+4,1.677400000E+4
7.300020000E+0,0.000000000E+0,5.000000000E-1,4.284021189E-4,0.000000000E+0,5.100000000E+3,8.722817480E-2,2.553492753E-6,6.460237808E-6,6.946582810E-6,6.843294963E+1,-2.068868004E-6,-5.103238566E-6,5.506658821E-6,-1.120677753E+2,7.213853216E-7,2.138335630E-6,2.256742443E-6,7.135774030E+1,-5.813794349E-6,2.169152735E-5,7.506637875E-6,4.631675061E-6,1.344731740E-5,1.078028755E-5,1.698800000E+4,1.723200000E+4
7.499850000E+0,0.000000000E+0,5.000000000E-1,4.402108408E-4,0.000000000E+0,5.100000000E+3,8.753451700E-2,2.798129802E-6,6.798525675E-6,7.351836873E-6,6.762896405E+1,-2.264921580E-6,-5.363107182E-6,5.821754835E-6,-1.128950691E+2,7.943136031E-7,2.266255364E-6,2.401428782E-6,7.068462110E+1,-6.354896219E-6,2.220074376E-5,7.299655040E-6,4.677914472E-6,1.343314068E-5,1.082742704E-5,1.744600000E+4,1.769000000E+4
7.700160000E+0,0.000000000E+0,5.000000000E-1,4.519017612E-4,0.000000000E+0,5.100000000E+3,8.785750149E-2,3.070827536E-6,7.132176782E-6,7.765175054E-6,6.670523684E+1,-2.483553398E-6,-5.619543208E-6,6.143887962E-6,-1.138430034E+2,8.758994080E-7,2.395900120E-6,2.550989761E-6,6.991846838E+1,-7.042372446E-6,2.258929255E-5,6.995864320E-6,4.730615061E-6,1.334118287E-5,1.077280675E-5,1.790400000E+4,1.814800000E+4
7.899430000E+0,0.000000000E+0,5.000000000E-1,4.634757753E-4,0.000000000E+0,5.100000000E+3,8.798692128E-2,3.309698927E-6,7.487953995E-6,8.186793036E-6,6.615442131E+1,-2.676716981E-6,-5.890097060E-6,6.469784062E-6,-1.144391166E+2,9.439306160E-7,2.528072829E-6,2.698549706E-6,6.952539426E+1,-7.540316188E-6,2.311941584E-5,6.885033761E-6,4.802779013E-6,1.332574204E-5,1.078868628E-5,1.836200000E+4,1.860600000E+4
8.099790000E+0,0.000000000E+0,5.000000000E-1,4.749337752E-4,0.000000000E+0,5.100000000E+3,8.807705484E-2,3.558749709E-6,7.846984510E-6,8.616256798E-6,6.560484664E+1,-2.875684526E-6,-6.162353451E-6,6.800309566E-6,-1.150162775E+2,1.015014440E-6,2.661249537E-6,2.848247893E-6,6.912289402E+1,-8.168003706E-6,2.367012919E-5,6.641938740E-6,4.841063944E-6,1.322728802E-5,1.078388257E-5,1.882000000E+4,1.906400000E+4
8.299790000E+0,0.000000000E+0,5.000000000E-1,4.862766495E-4,0.000000000E+0,5.100000000E+3,8.817849823E-2,3.809022356E-6,8.211594931E-6,9.052014424E-6,6.511534472E+1,-3.075212731E-6,-6.435774701E-6,7.132755060E-6,-1.155399251E+2,1.086880960E-6,2.797103205E-6,3.000851176E-6,6.876517175E+1,-8.760017348E-6,2.416370270E-5,6.477847225E-6,4.977527008E-6,1.326166321E-5,1.084285934E-5,1.927800000E+4,1.952200000E+4
8.499980000E+0,0.000000000E+0,5.000000000E-1,4.975052840E-4,0.000000000E+0,5.100000000E+3,8.820840818E-2,4.066940657E-6,8.579065974E-6,9.494229749E-6,6.463652141E+1,-3.282702117E-6,-6.712532025E-6,7.472233888E-6,-1.160605269E+2,1.159181620E-6,2.933720201E-6,3.154430000E-6,6.843985897E+1,-9.497928684E-6,2.454600939E-5,6.098957620E-6,5.012376881E-6,1.318404849E-5,1.081480950E-5,1.973600000E+4,1.998000000E+4
8.699990000E+0,0.000000000E+0,5.000000000E-1,5.086205609E-4,0.000000000E+0,5.100000000E+3,8.824054149E-2,4.346178496E-6,8.943434162E-6,9.943555940E-6,6.408196076E+1,-3.504481883E-6,-6.985150417E-6,7.814971316E-6,-1.166431337E+2,1.238855282E-6,3.070321990E-6,3.310838561E-6,6.802624340E+1,-1.010429554E-5,2.508074272E-5,5.889788480E-6,5.067427653E-6,1.306506754E-5,1.081191037E-5,2.019400000E+4,2.043800000E+4
8.900310000E+0,0.000000000E+0,5.000000000E-1,5.196233593E-4,0.000000000E+0,5.100000000E+3,8.825531327E-2,4.622489394E-6,9.316096527E-6,1.039985955E-5,6.361016932E+1,-3.727083350E-6,-7.262377165E-6,8.162923155E-6,-1.171670971E+2,1.316998832E-6,3.209969995E-6,3.469640509E-6,6.769246010E+1,-1.083401395E-5,2.553511999E-5,5.584684006E-6,5.075091005E-6,1.295519532E-5,1.075319786E-5,2.065200000E+4,2.089600000E+4
9.100110000E+0,0.000000000E+0,5.000000000E-1,5.305145552E-4,0.000000000E+0,5.100000000E+3,8.826161697E-2,4.914297261E-6,9.685238492E-6,1.086067125E-5,6.309672683E+1,-3.959059460E-6,-7.538487183E-6,8.514868308E-6,-1.177075394E+2,1.398077163E-6,3.350455266E-6,3.630452211E-6,6.735019553E+1,-1.145996015E-5,2.617345955E-5,5.424749643E-6,5.257027607E-6,1.303090647E-5,1.085490311E-5,2.111000000E+4,2.135400000E+4
9.299910000E+0,0.000000000E+0,5.000000000E-1,5.412950212E-4,0.000000000E+0,5.100000000E+3,8.824035211E-2,5.215073352E-6,1.005502304E-5,1.132698137E-5,6.258632540E+1,-4.200021773E-6,-7.810651825E-6,8.868286699E-6,-1.182682509E+2,1.482323126E-6,3.490389866E-6,3.792112428E-6,6.698969831E+1,-1.227053312E-5,2.656003757E-5,5.036313419E-6,5.241444355E-6,1.291760075E-5,1.077462741E-5,2.156800000E+4,2.181200000E+4
9.499890000E+0,0.000000000E+0,5.000000000E-1,5.519656266E-4,0.000000000E+0,5.100000000E+3,8.820781229E-2,5.517563844E-6,1.042850716E-5,1.179819019E-5,6.211736745E+1,-4.441127502E-6,-8.085169949E-6,9.224621111E-6,-1.187796934E+2,1.565863213E-6,3.632206371E-6,3.955358768E-6,6.667887664E+1,-1.285372595E-5,2.723192714E-5,4.890776766E-6,5.270678980E-6,1.278744926E-5,1.071956042E-5,2.202600000E+4,2.227000000E+4
9.700010000E+0,0.000000000E+0,5.000000000E-1,5.625272378E-4,0.000000000E+0,5.100000000E+3,8.816863543E-2,5.835783094E-6,1.079799422E-5,1.227408145E-5,6.161096672E+1,-4.696094277E-6,-8.358065941E-6,9.587003128E-6,-1.193300627E+2,1.655263513E-6,3.773833221E-6,4.120889121E-6,6.631697377E+1,-1.358287212E-5,2.775053483E-5,4.624598685E-6,5.391384577E-6,1.286219076E-5,1.078332288E-5,2.248400000E+4,2.272800000E+4
9.899980000E+0,0.000000000E+0,5.000000000E-1,5.729807176E-4,0.000000000E+0,5.100000000E+3,8.809436726E-2,6.156392043E-6,1.116920528E-5,1.275352219E-5,6.113673491E+1,-4.948538756E-6,-8.631109966E-6,9.949076854E-6,-1.198272618E+2,1.742117330E-6,3.915837944E-6,4.285880279E-6,6.601619814E+1,-1.432842517E-5,2.830763843E-5,4.356729089E-6,5.445410497E-6,1.278325143E-5,1.076825444E-5,2.294200000E+4,2.318600000E+4
1.010000000E+1,0.000000000E+0,5.000000000E-1,5.833269258E-4,0.000000000E+0,5.100000000E+3,8.802777580E-2,6.485558989E-6,1.153965963E-5,1.323730516E-5,6.066299288E+1,-5.212953997E-6,-8.897710353E-6,1.031233254E-5,-1.203650085E+2,1.832683422E-6,4.058048591E-6,4.452695554E-6,6.569525678E+1,-1.508778846E-5,2.888986094E-5,4.062643684E-6,5.494758492E-6,1.272017191E-5,1.076118536E-5,2.340000000E+4,2.364400000E+4
1.060000000E+1,0.000000000E+0,5.000000000E-1,6.087287458E-4,0.000000000E+0,5.100000000E+3,8.780342343E-2,7.361089848E-6,1.244361173E-5,1.445783993E-5,5.939331961E+1,-5.908159752E-6,-9.549866278E-6,1.122970787E-5,-1.217435901E+2,2.071707412E-6,4.409845522E-6,4.872240071E-6,6.483626399E+1,-1.703190213E-5,3.032045590E-5,3.331706560E-6,5.629468673E-6,1.254687864E-5,1.070229938E-5,2.385800000E+4,2.410200000E+4
1.110000000E+1,0.000000000E+0,5.000000000E-1,6.334787572E-4,0.000000000E+0,5.100000000E+3,8.753710720E-2,8.278590333E-6,1.333570547E-5,1.569637280E-5,5.816865777E+1,-6.633919250E-6,-1.018445396E-5,1.215450711E-5,-1.230792965E+2,2.320329173E-6,4.760666602E-6,5.296025362E-6,6.401559013E+1,-1.896226252E-5,3.183150897E-5,2.635651457E-6,5.909561034E-6,1.246788077E-5,1.081886820E-5,2.431600000E+4,2.456000000E+4
1.160000000E+1,0.000000000E+0,5.000000000E-1,6.575901285E-4,0.000000000E+0,5.100000000E+3,8.722218584E-2,9.239257489E-6,1.420924702E-5,1.694894120E-5,5.696692781E+1,-7.395851506E-6,-1.079551384E-5,1.308593924E-5,-1.244144828E+2,2.576257049E-6,5.109123859E-6,5.721910237E-6,6.324063161E+1,-2.104097394E-5,3.329449347E-5,1.811731727E-6,6.004432267E-6,1.223576209E-5,1.070759346E-5,2.477400000E+4,2.501800000E+4
1.209990000E+1,0.000000000E+0,5.000000000E-1,6.810759019E-4,0.000000000E+0,5.100000000E+3,8.685440545E-2,1.023713884E-5,1.506150622E-5,1.821120564E-5,5.579648655E+1,-8.181256905E-6,-1.138308469E-5,1.401811835E-5,-1.257055846E+2,2.838863566E-6,5.451898759E-6,6.146735500E-6,6.249350981E+1,-2.307479474E-5,3.490570400E-5,1.123896160E-6,6.202042812E-6,1.213062711E-5,1.071960504E-5,2.523200000E+4,2.547600000E+4
1.260000000E+1,0.000000000E+0,5.000000000E-1,7.039489937E-4,0.000000000E+0,5.100000000E+3,8.644362214E-2,1.126691955E-5,1.589273920E-5,1.948134119E-5,5.466583626E+1,-8.990979940E-6,-1.195132485E-5,1.495566610E-5,-1.269541399E+2,3.106407462E-6,5.790084303E-6,6.570757780E-6,6.178623308E+1,-2.519513382E-5,3.645928770E-5,3.468509953E-7,6.327472658E-6,1.192516292E-5,1.063609178E-5,2.569000000E+4,2.593400000E+4
1.310000000E+1,0.000000000E+0,5.000000000E-1,7.262221939E-4,0.000000000E+0,5.100000000E+3,8.600176603E-2,1.232688659E-5,1.669824842E-5,2.075532835E-5,5.356472438E+1,-9.823476159E-6,-1.248958956E-5,1.588995294E-5,-1.281862245E+2,3.377215802E-6,6.121877558E-6,6.991636461E-6,6.111608531E+1,-2.734722373E-5,3.808557360E-5,-3.845938277E-7,6.520305773E-6,1.171077842E-5,1.063247410E-5,2.614800000E+4,2.639200000E+4
1.360000000E+1,0.000000000E+0,5.000000000E-1,7.479081665E-4,0.000000000E+0,5.100000000E+3,8.553737147E-2,1.340994808E-5,1.748085614E-5,2.203195555E-5,5.250739523E+1,-1.067155434E-5,-1.300279265E-5,1.682125905E-5,-1.293761527E+2,3.650638853E-6,6.447452032E-6,7.409238300E-6,6.048084375E+1,-2.969866168E-5,3.961854467E-5,-1.297003121E-6,6.683650862E-6,1.159295153E-5,1.058208091E-5,2.660600000E+4,2.685000000E+4
1.410000000E+1,0.000000000E+0,5.000000000E-1,7.690194493E-4,0.000000000E+0,5.100000000E+3,8.504894478E-2,1.450591449E-5,1.824895338E-5,2.331192604E-5,5.151915376E+1,-1.152848653E-5,-1.349906883E-5,1.775192766E-5,-1.304980219E+2,3.921447670E-6,6.769672547E-6,7.823441079E-6,5.991770434E+1,-3.188634949E-5,4.127104864E-5,-2.016533949E-6,6.843675094E-6,1.137505416E-5,1.054987549E-5,2.706400000E+4,2.730800000E+4
1.460000000E+1,0.000000000E+0,5.000000000E-1,7.895684538E-4,0.000000000E+0,5.100000000E+3,8.450068352E-2,1.562763461E-5,1.898168178E-5,2.458714031E-5,5.053534671E+1,-1.240419739E-5,-1.396790237E-5,1.868064885E-5,-1.316066843E+2,4.193960650E-6,7.079341495E-6,8.228391338E-6,5.935654756E+1,-3.252839708E-5,4.374209441E-5,-9.349734487E-7,8.218756744E-6,1.130622653E-5,1.192151428E-5,2.752200000E+4,2.776600000E+4
1.510000000E+1,0.000000000E+0,5.000000000E-1,8.095674657E-4,0.000000000E+0,5.100000000E+3,8.398206118E-2,1.676066448E-5,1.969293259E-5,2.585984351E-5,4.959887688E+1,-1.328585244E-5,-1.440245756E-5,1.959450845E-5,-1.326906457E+2,4.463911685E-6,7.385895553E-6,8.630062079E-6,5.885193742E+1,-3.550430376E-5,4.549100739E-5,-2.693988966E-6,8.359421556E-6,1.203296554E-5,1.155569404E-5,2.798000000E+4,2.822400000E+4
1.560000000E+1,0.000000000E+0,5.000000000E-1,8.290286442E-4,0.000000000E+0,5.100000000E+3,8.344148628E-2,1.790614665E-5,2.037386462E-5,2.712424204E-5,4.868846270E+1,-1.417556190E-5,-1.481652532E-5,2.050551276E-5,-1.337335006E+2,4.733774115E-6,7.683185173E-6,9.024409584E-6,5.836189032E+1,-3.820658375E-5,4.678498324E-5,-3.865872430E-6,8.006914375E-6,1.132287564E-5,1.098833408E-5,2.843800000E+4,2.868200000E+4
1.609990000E+1,0.000000000E+0,5.000000000E-1,8.479640227E-4,0.000000000E+0,5.100000000E+3,8.283161811E-2,1.905595423E-5,2.099817966E-5,2.835582769E-5,4.777609844E+1,-1.506759519E-5,-1.518023180E-5,2.138859348E-5,-1.347866443E+2,4.998518900E-6,7.956272784E-6,9.396141751E-6,5.786095554E+1,-4.078409512E-5,4.831462571E-5,-4.807617183E-6,7.988909940E-6,1.099672486E-5,1.080701737E-5,2.889600000E+4,2.914000000E+4
1.659990000E+1,0.000000000E+0,5.000000000E-1,8.663855082E-4,0.000000000E+0,5.100000000E+3,8.226895056E-2,2.022535704E-5,2.160490108E-5,2.959454737E-5,4.688890503E+1,-1.597370090E-5,-1.552807380E-5,2.227735475E-5,-1.358104600E+2,5.263930798E-6,8.232787823E-6,9.771787123E-6,5.740570820E+1,-4.187842690E-5,5.026812991E-5,-4.083440475E-6,8.891928061E-6,1.048926090E-5,1.168157547E-5,2.935400000E+4,2.959800000E+4
1.710000000E+1,0.000000000E+0,5.000000000E-1,8.843048817E-4,0.000000000E+0,5.100000000E+3,8.172126445E-2,2.140397667E-5,2.216465720E-5,3.081237500E-5,4.600024742E+1,-1.688199542E-5,-1.583483686E-5,2.314614482E-5,-1.368332222E+2,5.530393905E-6,8.496512039E-6,1.013785004E-5,5.693983012E+1,-4.462679344E-5,5.257740658E-5,-5.528770162E-6,9.456109435E-6,1.148011331E-5,1.171844862E-5,2.981200000E+4,3.005600000E+4
1.760000000E+1,0.000000000E+0,5.000000000E-1,9.017337981E-4,0.000000000E+0,5.100000000E+3,8.114903829E-2,2.257881906E-5,2.270408379E-5,3.201997070E-5,4.515849456E+1,-1.778701403E-5,-1.611798925E-5,2.400348906E-5,-1.378181964E+2,5.787464272E-6,8.752536268E-6,1.049293335E-5,5.652601291E+1,-4.760085411E-5,5.373214544E-5,-6.835100581E-6,8.943457320E-6,1.070739701E-5,1.102577130E-5,3.027000000E+4,3.051400000E+4
1.810000000E+1,0.000000000E+0,5.000000000E-1,9.186837860E-4,0.000000000E+0,5.100000000E+3,8.057377965E-2,2.375726039E-5,2.320198467E-5,3.320752275E-5,4.432252928E+1,-1.869190404E-5,-1.636817541E-5,2.484561359E-5,-1.387919328E+2,6.042050336E-6,8.996282210E-6,1.083694996E-5,5.611404177E+1,-4.985729816E-5,5.483593697E-5,-7.284227273E-6,8.805642316E-6,1.011086868E-5,1.061230755E-5,3.072800000E+4,3.097200000E+4
1.859990000E+1,0.000000000E+0,5.000000000E-1,9.351662481E-4,0.000000000E+0,5.100000000E+3,8.000015851E-2,2.493262556E-5,2.365801847E-5,3.437060167E-5,4.349738822E+1,-1.959460611E-5,-1.658302892E-5,2.566994200E-5,-1.397585716E+2,6.292803183E-6,9.227660267E-6,1.116911592E-5,5.570797039E+1,-5.133161379E-5,5.804266090E-5,-7.201961068E-6,1.043065259E-5,1.056902709E-5,1.224028274E-5,3.118600000E+4,3.143000000E+4
1.910000000E+1,0.000000000E+0,5.000000000E-1,9.511924607E-4,0.000000000E+0,5.100000000E+3,7.940583906E-2,2.609235067E-5,2.410360962E-5,3.552175162E-5,4.273115269E+1,-2.048156693E-5,-1.678753542E-5,2.648237151E-5,-1.406605427E+2,6.532274920E-6,9.452058032E-6,1.148964914E-5,5.535182190E+1,-5.449928584E-5,5.929383065E-5,-8.748369343E-6,9.971865924E-6,1.036896580E-5,1.124614341E-5,3.164400000E+4,3.188800000E+4
1.959990000E+1,0.000000000E+0,5.000000000E-1,9.667735741E-4,0.000000000E+0,5.100000000E+3,7.882080864E-2,2.722749951E-5,2.454939066E-5,3.666073312E-5,4.203907045E+1,-2.135036848E-5,-1.698779092E-5,2.728412237E-5,-1.414918803E+2,6.760058151E-6,9.675125711E-6,1.180281577E-5,5.505780907E+1,-5.728564807E-5,6.063467603E-5,-9.798013661E-6,9.683625501E-6,9.764769949E-6,1.076289790E-5,3.210200000E+4,3.234600000E+4
2.010000000E+1,0.000000000E+0,5.000000000E-1,9.819206125E-4,0.000000000E+0,5.100000000E+3,7.823633645E-2,2.835835993E-5,2.495679187E-5,3.777616160E-5,4.134940982E+1,-2.221195371E-5,-1.716131204E-5,2.806923250E-5,-1.423097537E+2,6.982906070E-6,9.886916691E-6,1.210422023E-5,5.476730094E+1,-5.848473644E-5,6.268358935E-5,-9.043585422E-6,1.061616307E-5,9.227659755E-6,1.169252739E-5,3.256000000E+4,3.280400000E+4
2.060000000E+1,0.000000000E+0,5.000000000E-1,9.966444739E-4,0.000000000E+0,5.100000000E+3,7.764692572E-2,2.947452923E-5,2.532925037E-5,3.886282364E-5,4.067446518E+1,-2.306608155E-5,-1.730239750E-5,2.883430811E-5,-1.431255969E+2,7.198561414E-6,1.008594948E-5,1.239135558E-5,5.448372387E+1,-6.131827037E-5,6.478159624E-5,-1.050370521E-5,1.093997078E-5,1.000813572E-5,1.145972666E-5,3.301800000E+4,3.326200000E+4
2.110000000E+1,0.000000000E+0,5.000000000E-1,1.010955930E-3,0.000000000E+0,5.100000000E+3,7.706777189E-2,3.056014770E-5,2.574145722E-5,3.995679354E-5,4.010814192E+1,-2.389475719E-5,-1.746937516E-5,2.959963898E-5,-1.438295896E+2,7.398591314E-6,1.029403056E-5,1.267699648E-5,5.429420021E+1,-6.384411850E-5,6.550480658E-5,-1.108356670E-5,1.048591644E-5,9.142456750E-6,1.075528136E-5,3.347600000E+4,3.378000000E+4
2.310000000E+1,0.000000000E+0,5.000000000E-1,1.064288727E-3,0.000000000E+0,5.100000000E+3,7.477736392E-2,3.490941831E-5,2.669362507E-5,4.394562494E-5,3.740348188E+1,-2.718453892E-5,-1.762287794E-5,3.239700040E-5,-1.470459289E+2,8.182173074E-6,1.094088771E-5,1.366202982E-5,5.320892401E+1,-7.289288288E-5,7.371730100E-5,-1.331372605E-5,1.257501540E-5,9.105376014E-6,1.179982570E-5,3.399400000E+4,3.429800000E+4
2.510010000E+1,0.000000000E+0,5.000000000E-1,1.111851997E-3,0.000000000E+0,5.100000000E+3,7.262590925E-2,3.895046560E-5,2.722351499E-5,4.752113826E-5,3.495072188E+1,-3.020972572E-5,-1.747071181E-5,3.489775582E-5,-1.499585977E+2,8.859510750E-6,1.145353435E-5,1.448013803E-5,5.227741638E+1,-8.294488981E-5,7.985087439E-5,-1.624837666E-5,1.264175464E-5,7.596658607E-6,1.080195396E-5,3.451200000E+4,3.481600000E+4
2.710010000E+1,0.000000000E+0,5.000000000E-1,1.154274596E-3,0.000000000E+0,5.100000000E+3,7.066055935E-2,4.266694268E-5,2.752287577E-5,5.077378488E-5,3.282457286E+1,-3.294535703E-5,-1.712152978E-5,3.712874613E-5,-1.525393384E+2,9.430312010E-6,1.188774528E-5,1.517396926E-5,5.157572885E+1,-9.066612535E-5,8.749024217E-5,-1.685394821E-5,1.474485078E-5,6.870096038E-6,1.202495103E-5,3.503000000E+4,3.533400000E+4
2.910020000E+1,0.000000000E+0,5.000000000E-1,1.192153087E-3,0.000000000E+0,5.100000000E+3,6.884345535E-2,4.605873559E-5,2.767139362E-5,5.373186415E-5,3.099681244E+1,-3.542014397E-5,-1.666071710E-5,3.914289468E-5,-1.548089243E+2,9.908075108E-6,1.225893301E-5,1.576234148E-5,5.105370935E+1,-1.003154334E-4,9.325508796E-5,-1.954953895E-5,1.502588258E-5,5.911058877E-6,1.088654060E-5,3.554800000E+4,3.585200000E+4
3.110020000E+1,0.000000000E+0,5.000000000E-1,1.226051744E-3,0.000000000E+0,5.100000000E+3,6.714194357E-2,4.914836946E-5,2.771397595E-5,5.642364257E-5,2.941795316E+1,-3.765769759E-5,-1.614815545E-5,4.097396374E-5,-1.567896593E+2,1.030800112E-5,1.257366542E-5,1.625890628E-5,5.065479972E+1,-1.078153086E-4,9.951861794E-5,-1.991254405E-5,1.627646074E-5,4.285326698E-6,1.126489947E-5,3.606600000E+4,3.637000000E+4
3.610080000E+1,0.000000000E+0,5.000000000E-1,1.296798282E-3,0.000000000E+0,5.100000000E+3,6.332878167E-2,5.566753741E-5,2.736822827E-5,6.203140412E-5,2.618044040E+1,-4.229827862E-5,-1.464863192E-5,4.476300945E-5,-1.608981412E+2,1.105433808E-5,1.310825325E-5,1.714714979E-5,4.985868473E+1,-1.272078338E-4,1.140207302E-4,-2.350365357E-5,1.987369934E-5,2.411058029E-6,1.112120852E-5,3.658400000E+4,3.688800000E+4
4.110090000E+1,0.000000000E+0,5.000000000E-1,1.353336727E-3,0.000000000E+0,5.100000000E+3,5.996353728E-2,6.089230415E-5,2.697854609E-5,6.660116457E-5,2.389589913E+1,-4.592428660E-5,-1.325404425E-5,4.779863972E-5,-1.639015232E+2,1.153492639E-5,1.344315331E-5,1.771363767E-5,4.936868701E+1,-1.444783915E-4,1.261829777E-4,-2.586310028E-5,2.248965316E-5,-1.376436788E-6,1.021441226E-5,3.710200000E+4,3.740600000E+4
4.610100000E+1,0.000000000E+0,5.000000000E-1,1.401834989E-3,0.000000000E+0,5.100000000E+3,5.703058951E-2,6.399691790E-5,2.647638055E-5,6.925753428E-5,2.247552392E+1,-4.798454342E-5,-1.206178321E-5,4.947730539E-5,-1.658900138E+2,1.164621118E-5,1.346486227E-5,1.780272137E-5,4.914237175E+1,-1.544299041E-4,1.354575742E-4,-2.539935427E-5,2.741694800E-5,-4.182412842E-6,1.150245964E-5,3.762000000E+4,3.792400000E+4
5.110060000E+1,0.000000000E+0,5.000000000E-1,1.447199621E-3,0.000000000E+0,5.100000000E+3,5.435669393E-2,6.422554761E-5,2.648149825E-5,6.947079601E-5,2.240734241E+1,-4.806321373E-5,-1.159157196E-5,4.944125124E-5,-1.664407147E+2,1.121290460E-5,1.317729845E-5,1.730232549E-5,4.960467972E+1,-1.576018615E-4,1.362156138E-4,-2.537291731E-5,2.973961623E-5,-7.403788648E-6,1.018971609E-5,3.813800000E+4,3.844200000E+4
5.610070000E+1,0.000000000E+0,5.000000000E-1,1.493075809E-3,0.000000000E+0,5.100000000E+3,5.180358429E-2,6.428707622E-5,2.559430291E-5,6.919462916E-5,2.170874607E+1,-4.790448766E-5,-1.057790858E-5,4.905845778E-5,-1.675481864E+2,1.085765241E-5,1.268740895E-5,1.669907170E-5,4.944369389E+1,-1.580046984E-4,1.383618164E-4,-2.310111702E-5,3.443847627E-5,-1.000153511E-5,1.144421099E-5,3.865600000E+4,3.896000000E+4
6.097640000E+1,0.000000000E+0,5.000000000E-1,1.541847382E-3,0.000000000E+0,5.100000000E+3,4.939696255E-2,6.424905002E-5,2.449927281E-5,6.876157954E-5,2.087271325E+1,-4.764034680E-5,-9.505319547E-6,4.857935596E-5,-1.687163784E+2,1.054453640E-5,1.215602394E-5,1.609211551E-5,4.906055159E+1,-1.591405819E-4,1.374810806E-4,-2.305425050E-5,3.755238493E-5,-1.412680672E-5,1.005077026E-5,3.917400000E+4,3.947800000E+4
6.323070000E+1,0.000000000E+0,5.000000000E-1,1.651305181E-3,0.000000000E+0,5.100000000E+3,4.784448947E-2,6.423684197E-5,2.387799948E-5,6.853124139E-5,2.039101248E+1,-4.747759414E-5,-8.876309323E-6,4.830021889E-5,-1.694103580E+2,1.033250539E-5,1.180784908E-5,1.569031541E-5,4.881231714E+1,-1.592128005E-4,1.391985197E-4,-2.129760886E-5,3.927941865E-5,-1.454352661E-5,1.137204402E-5,3.969200000E+4,4.017600000E+4
6.539940000E+1,0.000000000E+0,5.000000000E-1,1.769416399E-3,0.000000000E+0,5.100000000E+3,4.674200597E-2,6.423097451E-5,2.347237624E-5,6.838545653E-5,2.007417446E+1,-4.736250284E-5,-8.460243627E-6,4.811218701E-5,-1.698722187E+2,1.017195499E-5,1.155153086E-5,1.539176884E-5,4.863375384E+1,-1.620482523E-4,1.393100090E-4,-2.202002118E-5,3.861496371E-5,-1.533562732E-5,1.001023199E-5,4.039000000E+4,4.087400000E+4
