#Tav,S_AC,S_DC,dT_AC,dT_phase,Vs_phase,dT_DC,T0
1.9713332e+00,-2.1514765e-06,-5.8502739e-07,2.5470824e-02,-9.0929673e+01,8.8863501e+01,2.0566142e-01,1.7999400e+00
2.1055776e+00,-1.7110622e-06,-7.7402817e-07,4.1471211e-02,-9.4269035e+01,8.8883115e+01,1.6632875e-01,1.9000800e+00
2.2831881e+00,-1.9284121e-06,-1.0702488e-06,4.5325730e-02,-9.1474245e+01,8.8803752e+01,1.4644695e-01,2.0000100e+00
2.3960069e+00,-1.6862867e-06,-1.8975159e-06,6.2889012e-02,-9.1888286e+01,8.8778180e+01,6.0695876e-02,2.1000200e+00
2.5335039e+00,-2.1034166e-06,-9.5567376e-07,5.9906303e-02,-8.9698515e+01,8.9220741e+01,1.4655959e-01,2.2000300e+00
2.7062787e+00,-2.3952904e-06,-1.2930171e-06,6.0488965e-02,-8.9498842e+01,8.8581727e+01,1.7255466e-01,2.3000300e+00
2.8022596e+00,-2.5711368e-06,-1.0911265e-06,6.5615521e-02,-8.9982588e+01,8.8603886e+01,2.1210763e-01,2.4000100e+00
2.9622479e+00,-2.2648475e-06,-2.1150250e-06,8.4964533e-02,-9.0830228e+01,8.8279832e+01,7.8869077e-02,2.5000000e+00
3.1028741e+00,-2.5053611e-06,-1.8526006e-06,8.6562664e-02,-9.0352373e+01,8.8387337e+01,1.3397202e-01,2.6000600e+00
3.2260184e+00,-2.6847623e-06,-1.8978272e-06,9.0706325e-02,-9.1263604e+01,8.8105538e+01,1.4591300e-01,2.7000000e+00
3.3752484e+00,-2.8483168e-06,-2.1082597e-06,9.5759363e-02,-9.3264850e+01,8.7810556e+01,1.3280608e-01,2.8000000e+00
3.5205663e+00,-2.7528253e-06,-3.1368865e-06,1.0885975e-01,-9.2741911e+01,8.7564568e+01,8.2882862e-02,2.9000000e+00
3.6634473e+00,-2.9210584e-06,-3.3350170e-06,1.1353016e-01,-9.2856405e+01,8.7446221e+01,9.7240072e-02,3.0000100e+00
3.7063784e+00,-3.4609278e-06,-1.7628858e-06,1.0491294e-01,-9.3098315e+01,8.7045201e+01,2.0514354e-01,3.1000000e+00
3.9604639e+00,-2.0350725e-06,-4.2131192e-07,1.9555247e-01,-9.3675336e+01,8.6983234e+01,-4.2157528e-01,3.1999600e+00
4.1005092e+00,-4.2646783e-06,-2.1838070e-06,1.0140848e-01,-9.3887022e+01,8.6771868e+01,3.3093237e-01,3.3000000e+00
4.1933158e+00,-4.4717512e-06,-1.9237943e-06,1.0471498e-01,-9.3293745e+01,8.6444323e+01,3.3612440e-01,3.4000000e+00
4.3511788e+00,-4.0356033e-06,-2.6496883e-06,1.2532320e-01,-9.3273585e+01,8.6220630e+01,2.0724740e-01,3.5000600e+00
4.4799310e+00,-4.1004543e-06,-2.8225558e-06,1.3324484e-01,-9.4259833e+01,8.5999373e+01,2.0441144e-01,3.6000500e+00
4.6187152e+00,-4.2093161e-06,-3.2388742e-06,1.3931156e-01,-9.4311490e+01,8.5608329e+01,1.8749117e-01,3.7000100e+00
4.7495021e+00,-4.4456356e-06,-3.0551153e-06,1.4175362e-01,-9.4417615e+01,8.5364143e+01,2.2336785e-01,3.8000100e+00
4.8904921e+00,-4.3368407e-06,-3.9102309e-06,1.5554347e-01,-9.5390284e+01,8.4856831e+01,1.7429393e-01,3.9000100e+00
5.1617647e+00,-4.9407363e-06,-3.2545675e-06,1.5575118e-01,-9.4989274e+01,8.4253478e+01,2.6064510e-01,4.1000000e+00
5.4442589e+00,-5.2506081e-06,-3.5701699e-06,1.6554007e-01,-9.6392684e+01,8.3617183e+01,2.7135019e-01,4.3000100e+00
5.7189303e+00,-5.6695826e-06,-3.4319082e-06,1.7221371e-01,-9.7434453e+01,8.2841875e+01,3.0906558e-01,4.5000400e+00
5.9904539e+00,-5.9487035e-06,-3.7213592e-06,1.8313162e-01,-9.7927508e+01,8.2184805e+01,3.1268110e-01,4.6999700e+00
6.2767583e+00,-5.9345159e-06,-4.9094521e-06,2.0354587e-01,-9.8716382e+01,8.1351456e+01,2.4222843e-01,4.9000000e+00
6.5547903e+00,-6.5084005e-06,-4.3293292e-06,2.0516723e-01,-9.9581352e+01,8.0567368e+01,3.3502571e-01,5.0999900e+00
6.8226938e+00,-6.8292372e-06,-4.5947282e-06,2.1496165e-01,-1.0027843e+02,7.9747202e+01,3.3815617e-01,5.2999600e+00
7.0990807e+00,-6.9955882e-06,-5.0429605e-06,2.2973417e-01,-1.0146461e+02,7.8895279e+01,3.1432015e-01,5.4999700e+00
7.3815529e+00,-7.3490314e-06,-5.1435144e-06,2.3899699e-01,-1.0194824e+02,7.8080937e+01,3.3951720e-01,5.6999900e+00
7.6528230e+00,-7.6380077e-06,-5.5963772e-06,2.5011490e-01,-1.0295457e+02,7.7274907e+01,3.4314111e-01,5.8999400e+00
7.9369385e+00,-7.9740496e-06,-5.8641827e-06,2.5989375e-01,-1.0389213e+02,7.6414154e+01,3.5735237e-01,6.1000000e+00
8.2153328e+00,-8.3386870e-06,-5.9171862e-06,2.6886478e-01,-1.0454270e+02,7.5564666e+01,3.9158437e-01,6.3000000e+00
8.5015491e+00,-8.7540451e-06,-5.9303570e-06,2.7634673e-01,-1.0567832e+02,7.4681201e+01,4.2403681e-01,6.4999900e+00
8.7767052e+00,-8.9045401e-06,-6.4899517e-06,2.9237608e-01,-1.0630804e+02,7.3861822e+01,4.0622334e-01,6.6999300e+00
9.0563500e+00,-9.3857778e-06,-6.2495128e-06,2.9769133e-01,-1.0721199e+02,7.3037045e+01,4.5912817e-01,6.9000000e+00
9.3419180e+00,-9.5839936e-06,-6.8710829e-06,3.1200407e-01,-1.0818421e+02,7.2194114e+01,4.5024864e-01,7.1000700e+00
9.6248055e+00,-9.9613577e-06,-6.7004967e-06,3.2038339e-01,-1.0900000e+02,7.1357740e+01,4.8856821e-01,7.3000200e+00
9.9023050e+00,-1.0161092e-05,-7.1957769e-06,3.3422093e-01,-1.0971737e+02,7.0684621e+01,4.9025589e-01,7.4998500e+00
1.0188299e+01,-1.0552232e-05,-7.0878610e-06,3.4187542e-01,-1.1049830e+02,6.9918468e+01,5.3287479e-01,7.7001600e+00
1.0459877e+01,-1.0679963e-05,-7.4254422e-06,3.5732667e-01,-1.1086764e+02,6.9525394e+01,5.2571313e-01,7.8994300e+00
1.0749802e+01,-1.0799855e-05,-8.0177720e-06,3.7295900e-01,-1.1133343e+02,6.9122894e+01,5.1659536e-01,8.0997900e+00
1.1023040e+01,-1.1100948e-05,-7.8176199e-06,3.8228573e-01,-1.1164790e+02,6.8765172e+01,5.5835563e-01,8.2997900e+00
1.1298137e+01,-1.1438833e-05,-7.7729140e-06,3.8998381e-01,-1.1189876e+02,6.8439859e+01,6.0670321e-01,8.4999800e+00
1.1579012e+01,-1.1524731e-05,-8.2689736e-06,4.0626679e-01,-1.1237915e+02,6.8026243e+01,5.9525186e-01,8.6999900e+00
1.1855827e+01,-1.1733062e-05,-8.4030964e-06,4.1819781e-01,-1.1261772e+02,6.7692460e+01,6.1507254e-01,8.9003100e+00
1.2135862e+01,-1.1996806e-05,-8.3919843e-06,4.2795874e-01,-1.1300201e+02,6.7350196e+01,6.4706431e-01,9.1001100e+00
1.2406520e+01,-1.2264868e-05,-8.3509226e-06,4.3724924e-01,-1.1326445e+02,6.6989698e+01,6.8714731e-01,9.2999100e+00
1.2686586e+01,-1.2205664e-05,-9.0947476e-06,4.5828146e-01,-1.1365018e+02,6.6678877e+01,6.4089559e-01,9.4998900e+00
1.2952833e+01,-1.2549339e-05,-8.8124672e-06,4.6438873e-01,-1.1391028e+02,6.6316974e+01,6.9886492e-01,9.7000100e+00
1.3229471e+01,-1.2716287e-05,-8.9846038e-06,4.7663704e-01,-1.1430767e+02,6.6016198e+01,7.1361247e-01,9.8999800e+00
1.3505457e+01,-1.2867994e-05,-9.2026844e-06,4.8935512e-01,-1.1451807e+02,6.5695257e+01,7.2788997e-01,1.0100000e+01
1.4189916e+01,-1.3288098e-05,-9.5423923e-06,5.1853543e-01,-1.1535458e+02,6.4836264e+01,7.7240513e-01,1.0600000e+01
1.4871054e+01,-1.3741259e-05,-9.7905669e-06,5.4505117e-01,-1.1612261e+02,6.4015590e+01,8.3582665e-01,1.1100000e+01
1.5546198e+01,-1.4084002e-05,-1.0175813e-05,5.7455255e-01,-1.1681646e+02,6.3240632e+01,8.7421635e-01,1.1600000e+01
1.6216440e+01,-1.4405103e-05,-1.0482213e-05,6.0345244e-01,-1.1754954e+02,6.2493510e+01,9.1542775e-01,1.2099900e+01
1.6881158e+01,-1.4703542e-05,-1.0826239e-05,6.3198724e-01,-1.1826697e+02,6.1786233e+01,9.5039841e-01,1.2600000e+01
1.7548780e+01,-1.4976098e-05,-1.1180248e-05,6.6022975e-01,-1.1891531e+02,6.1116085e+01,9.8540464e-01,1.3100000e+01
1.8205789e+01,-1.5354798e-05,-1.1157336e-05,6.8240803e-01,-1.1945033e+02,6.0480844e+01,1.0646882e+00,1.3600000e+01
1.8858800e+01,-1.5565204e-05,-1.1510372e-05,7.1081672e-01,-1.2000960e+02,5.9917704e+01,1.0917466e+00,1.4100000e+01
1.9526191e+01,-1.5456254e-05,-1.2898755e-05,7.5287683e-01,-1.2080669e+02,5.9356548e+01,9.9672316e-01,1.4600000e+01
2.0157585e+01,-1.6126613e-05,-1.1737599e-05,7.5680403e-01,-1.2096052e+02,5.8851937e+01,1.2140203e+00,1.5100000e+01
2.0797828e+01,-1.6248329e-05,-1.2166922e-05,7.8545976e-01,-1.2150598e+02,5.8361890e+01,1.2208681e+00,1.5600000e+01
2.1434798e+01,-1.6445682e-05,-1.2321764e-05,8.0799850e-01,-1.2196032e+02,5.7860956e+01,1.2672402e+00,1.6099900e+01
2.2069941e+01,-1.6344007e-05,-1.3297417e-05,8.4553262e-01,-1.2263178e+02,5.7405708e+01,1.1855698e+00,1.6599900e+01
2.2705543e+01,-1.6862096e-05,-1.2620473e-05,8.5025032e-01,-1.2286574e+02,5.6939830e+01,1.3666064e+00,1.7100000e+01
2.3325068e+01,-1.6974943e-05,-1.2849957e-05,8.7418164e-01,-1.2330480e+02,5.6526013e+01,1.3899557e+00,1.7600000e+01
2.3911509e+01,-1.7050985e-05,-1.2761318e-05,8.9881809e-01,-1.2377688e+02,5.6114042e+01,1.4024048e+00,1.8100000e+01
2.4594757e+01,-1.7136153e-05,-1.3858180e-05,9.2176542e-01,-1.2426135e+02,5.5707970e+01,1.4029435e+00,1.8599900e+01
2.5188768e+01,-1.7372779e-05,-1.3373362e-05,9.3530172e-01,-1.2454207e+02,5.5351822e+01,1.4950999e+00,1.9100000e+01
2.5793610e+01,-1.7454786e-05,-1.3556537e-05,9.5628150e-01,-1.2486960e+02,5.5057809e+01,1.5166788e+00,1.9599900e+01
2.6408865e+01,-1.7356203e-05,-1.4360566e-05,9.8626863e-01,-1.2540087e+02,5.4767301e+01,1.4439621e+00,2.0100000e+01
2.7006598e+01,-1.7664419e-05,-1.3877561e-05,9.9205201e-01,-1.2550134e+02,5.4483724e+01,1.5826579e+00,2.0600000e+01
2.7566485e+01,-1.7703659e-05,-1.3669850e-05,1.0126708e+00,-1.2572949e+02,5.4294200e+01,1.5975924e+00,2.1100000e+01
2.9985428e+01,-1.8060231e-05,-1.4570736e-05,1.0697942e+00,-1.2710918e+02,5.3208924e+01,1.7235610e+00,2.3100000e+01
3.2295243e+01,-1.8293254e-05,-1.4962934e-05,1.1193296e+00,-1.2848785e+02,5.2277416e+01,1.8078226e+00,2.5100100e+01
3.4591349e+01,-1.8326917e-05,-1.5956406e-05,1.1705851e+00,-1.2978123e+02,5.1575729e+01,1.8098624e+00,2.7100100e+01
3.6806668e+01,-1.8502063e-05,-1.5709765e-05,1.2042785e+00,-1.3063500e+02,5.1053709e+01,1.9373988e+00,2.9100200e+01
3.9006880e+01,-1.8474285e-05,-1.6409249e-05,1.2436576e+00,-1.3160487e+02,5.0654800e+01,1.8999921e+00,3.1100200e+01
4.4385199e+01,-1.8739430e-05,-1.6539680e-05,1.2921247e+00,-1.3326595e+02,4.9858685e+01,2.0934421e+00,3.6100800e+01
4.9628419e+01,-1.8780026e-05,-1.7014846e-05,1.3306945e+00,-1.3461049e+02,4.9368687e+01,2.1203550e+00,4.1100900e+01
5.4640245e+01,-1.8795000e-05,-1.7563667e-05,1.3352535e+00,-1.3544802e+02,4.9142372e+01,2.1010313e+00,4.6101000e+01
5.9268652e+01,-1.8738528e-05,-1.7422745e-05,1.3014485e+00,-1.3508599e+02,4.9604680e+01,2.0411613e+00,5.1100600e+01
6.3972720e+01,-1.8651610e-05,-1.7806791e-05,1.2613986e+00,-1.3553043e+02,4.9443694e+01,1.9400086e+00,5.6100700e+01
6.8565368e+01,-1.8582113e-05,-1.7582655e-05,1.2195828e+00,-1.3618375e+02,4.9060552e+01,1.8828226e+00,6.0976400e+01
7.0713678e+01,-1.8334668e-05,-1.7888745e-05,1.2049739e+00,-1.3653760e+02,4.8812317e+01,1.8262686e+00,6.3230700e+01
7.2773366e+01,-1.8238826e-05,-1.7422447e-05,1.1881775e+00,-1.3675733e+02,4.8633754e+01,1.8384474e+00,6.5399400e+01
